  345.000000  278.000000
  14.000000  184.000000
  78.000000  78.000000
  30.000000  55.000000
  55.000000  172.000000
  0.000000  250.000000
  400.000000  241.000000
  93.000000  119.000000
  36.000000  7.000000
  170.000000  309.000000
  112.000000  383.000000
  348.000000  2.000000
  224.000000  397.000000
  393.000000  213.000000
  247.000000  381.000000
  159.000000  358.000000
  395.000000  445.000000
  375.000000  25.000000
  432.000000  325.000000
  497.000000  405.000000
  155.000000  339.000000
  81.000000  349.000000
  468.000000  407.000000
  415.000000  174.000000
  335.000000  356.000000
  92.000000  437.000000
  439.000000  299.000000
  196.000000  440.000000
  5.000000  15.000000
  396.000000  441.000000
  151.000000  104.000000
  49.000000  407.000000
  433.000000  398.000000
  223.000000  424.000000
  181.000000  365.000000
  205.000000  72.000000
  421.000000  188.000000
  96.000000  138.000000
  164.000000  242.000000
  450.000000  363.000000
  152.000000  499.000000
  298.000000  42.000000
  334.000000  444.000000
  459.000000  346.000000
  139.000000  191.000000
  148.000000  356.000000
  263.000000  290.000000
  189.000000  197.000000
  474.000000  48.000000
  266.000000  264.000000
  189.000000  155.000000
  196.000000  323.000000
  461.000000  462.000000
  56.000000  292.000000
  7.000000  125.000000
  476.000000  7.000000
  401.000000  159.000000
  103.000000  126.000000
  324.000000  88.000000
  131.000000  415.000000
  123.000000  315.000000
  105.000000  279.000000
  477.000000  238.000000
  287.000000  146.000000
  263.000000  303.000000
  310.000000  53.000000
  376.000000  452.000000
  414.000000  6.000000
  150.000000  189.000000
  166.000000  471.000000
  330.000000  157.000000
  169.000000  142.000000
  120.000000  231.000000
  171.000000  124.000000
  39.000000  296.000000
  111.000000  303.000000
  82.000000  162.000000
  401.000000  68.000000
  67.000000  411.000000
  66.000000  40.000000
  445.000000  330.000000
  282.000000  377.000000
  235.000000  173.000000
  362.000000  48.000000
  371.000000  386.000000
  395.000000  28.000000
  22.000000  201.000000
  285.000000  64.000000
  41.000000  494.000000
  290.000000  456.000000
  111.000000  432.000000
  447.000000  253.000000
  321.000000  194.000000
  457.000000  200.000000
  240.000000  388.000000
  70.000000  24.000000
  253.000000  185.000000
  210.000000  204.000000
  253.000000  488.000000
  374.000000  72.000000
