50 
345   278
14   184
78   78
30   55
55   172
0   250
400   241
93   119
36   7
170   309
112   383
348   2
224   397
393   213
247   381
159   358
395   445
375   25
432   325
497   405
155   339
81   349
468   407
415   174
335   356
92   437
439   299
196   440
5   15
396   441
151   104
49   407
433   398
223   424
181   365
205   72
421   188
96   138
164   242
450   363
152   499
298   42
334   444
459   346
139   191
148   356
263   290
189   197
474   48
266   264
189   155
196   323
461   462
56   292
7   125
476   7
401   159
103   126
324   88
131   415
123   315
105   279
477   238
287   146
263   303
310   53
376   452
414   6
150   189
166   471
330   157
169   142
120   231
171   124
39   296
111   303
82   162
401   68
67   411
66   40
445   330
282   377
235   173
362   48
371   386
395   28
22   201
285   64
41   494
290   456
111   432
447   253
321   194
457   200
240   388
70   24
253   185
210   204
253   488
374   72
